E 0 0 -1
V 0 0 1
F 45
R 256 256
L 5.0 5.0 -5.0

M 1.0 1.0 0.5 0.1 0.9 0.3 20 0.5 0.0 0.0
T -0.5 -0.5 0 -0.5 -0.5 1 0.5 -0.5 1 0 1 0
T -0.5 -0.5 0 0.5 -0.5 1 0.5 -0.5 0 0 1 0
T -0.034375 0.121094 0.621094 -0.01875 0.082031 0.617188 -0.05 0.046875 0.65625 -0.671349 -0.197087 -0.714456
T -0.034375 0.121094 0.621094 -0.05 0.046875 0.65625 -0.08125 0.121094 0.664062 -0.661705 -0.202626 -0.721865
T 0.45 0.046875 0.65625 0.41875 0.082031 0.617188 0.434375 0.121094 0.621094 0.671349 -0.197087 -0.714456
T 0.45 0.046875 0.65625 0.434375 0.121094 0.621094 0.48125 0.121094 0.664062 0.661705 -0.202627 -0.721865
T -0.08125 0.121094 0.664062 -0.05 0.046875 0.65625 -0.0734375 0.027344 0.710938 -0.832581 -0.301659 -0.464554
T -0.08125 0.121094 0.664062 -0.0734375 0.027344 0.710938 -0.1125 0.121094 0.71875 -0.826834 -0.305141 -0.472477
T 0.473437 0.027344 0.710938 0.45 0.046875 0.65625 0.48125 0.121094 0.664062 0.832581 -0.301659 -0.464555
T 0.473437 0.027344 0.710938 0.48125 0.121094 0.664062 0.5125 0.121094 0.71875 0.826834 -0.305141 -0.472477
T -0.05 0.046875 0.65625 0.024219 0.015625 0.640625 0.024219 -0.011719 0.691406 -0.425756 -0.796681 -0.428988
T -0.05 0.046875 0.65625 0.024219 -0.011719 0.691406 -0.0734375 0.027344 0.710938 -0.407628 -0.790545 -0.457032
T 0.375781 -0.011719 0.691406 0.375781 0.015625 0.640625 0.45 0.046875 0.65625 0.425757 -0.796681 -0.428988
T 0.375781 -0.011719 0.691406 0.45 0.046875 0.65625 0.473437 0.027344 0.710938 0.407628 -0.790545 -0.457032
T -0.01875 0.082031 0.617188 0.024219 0.066406 0.609375 0.024219 0.015625 0.640625 -0.326496 -0.495378 -0.804985
T -0.01875 0.082031 0.617188 0.024219 0.015625 0.640625 -0.05 0.046875 0.65625 -0.379066 -0.516318 -0.767936
T 0.375781 0.015625 0.640625 0.375781 0.066406 0.609375 0.41875 0.082031 0.617188 0.326496 -0.495378 -0.804985
T 0.375781 0.015625 0.640625 0.41875 0.082031 0.617188 0.45 0.046875 0.65625 0.379066 -0.516318 -0.767935
T 0.024219 0.066406 0.609375 0.063281 0.082031 0.601562 0.0984375 0.046875 0.628906 0.0649297 -0.571379 -0.818114
T 0.024219 0.066406 0.609375 0.0984375 0.046875 0.628906 0.024219 0.015625 0.640625 0.0858803 -0.522163 -0.848511
T 0.301562 0.046875 0.628906 0.336719 0.082031 0.601562 0.375781 0.066406 0.609375 -0.0649297 -0.571379 -0.818114
T 0.301562 0.046875 0.628906 0.375781 0.066406 0.609375 0.375781 0.015625 0.640625 -0.0858803 -0.522163 -0.848511
T 0.024219 0.015625 0.640625 0.0984375 0.046875 0.628906 0.121875 0.027344 0.675781 0.27379 -0.83151 -0.483353
T 0.024219 0.015625 0.640625 0.121875 0.027344 0.675781 0.024219 -0.011719 0.691406 0.266353 -0.848662 -0.456978
T 0.278125 0.027344 0.675781 0.301562 0.046875 0.628906 0.375781 0.015625 0.640625 -0.27379 -0.83151 -0.483353
T 0.278125 0.027344 0.675781 0.375781 0.015625 0.640625 0.375781 -0.011719 0.691406 -0.266353 -0.848662 -0.456978
T 0.0984375 0.046875 0.628906 0.129687 0.121094 0.628906 0.160937 0.121094 0.671875 0.765569 -0.322344 -0.556775
T 0.0984375 0.046875 0.628906 0.160937 0.121094 0.671875 0.121875 0.027344 0.675781 0.774252 -0.344719 -0.530757
T 0.239062 0.121094 0.671875 0.270312 0.121094 0.628906 0.301562 0.046875 0.628906 -0.76557 -0.322344 -0.556774
T 0.239062 0.121094 0.671875 0.301562 0.046875 0.628906 0.278125 0.027344 0.675781 -0.774252 -0.344719 -0.530757
T 0.063281 0.082031 0.601562 0.078906 0.121094 0.601562 0.129687 0.121094 0.628906 0.465793 -0.186315 -0.865057
T 0.063281 0.082031 0.601562 0.129687 0.121094 0.628906 0.0984375 0.046875 0.628906 0.470593 -0.198144 -0.859815
T 0.270312 0.121094 0.628906 0.321094 0.121094 0.601562 0.336719 0.082031 0.601562 -0.465793 -0.186315 -0.865057
T 0.270312 0.121094 0.628906 0.336719 0.082031 0.601562 0.301562 0.046875 0.628906 -0.470593 -0.198144 -0.859815
T 0.078906 0.121094 0.601562 0.063281 0.164062 0.601562 0.0984375 0.195312 0.628906 0.498337 0.181215 -0.847833
T 0.078906 0.121094 0.601562 0.0984375 0.195312 0.628906 0.129687 0.121094 0.628906 0.464922 0.195757 -0.863439
T 0.301562 0.195312 0.628906 0.336719 0.164062 0.601562 0.321094 0.121094 0.601562 -0.498337 0.181214 -0.847833
T 0.301562 0.195312 0.628906 0.321094 0.121094 0.601562 0.270312 0.121094 0.628906 -0.464922 0.195757 -0.863439
T 0.129687 0.121094 0.628906 0.0984375 0.195312 0.628906 0.121875 0.21875 0.675781 0.771027 0.324644 -0.547835
T 0.129687 0.121094 0.628906 0.121875 0.21875 0.675781 0.160937 0.121094 0.671875 0.764041 0.327842 -0.555663
T 0.278125 0.21875 0.675781 0.301562 0.195312 0.628906 0.270312 0.121094 0.628906 -0.771027 0.324644 -0.547835
T 0.278125 0.21875 0.675781 0.270312 0.121094 0.628906 0.239062 0.121094 0.671875 -0.764041 0.327842 -0.555663
T 0.0984375 0.195312 0.628906 0.024219 0.226562 0.640625 0.024219 0.257812 0.691406 0.265909 0.820996 -0.505231
T 0.0984375 0.195312 0.628906 0.024219 0.257812 0.691406 0.121875 0.21875 0.675781 0.241292 0.814358 -0.527825
T 0.375781 0.257812 0.691406 0.375781 0.226562 0.640625 0.301562 0.195312 0.628906 -0.265909 0.820996 -0.505231
T 0.375781 0.257812 0.691406 0.301562 0.195312 0.628906 0.278125 0.21875 0.675781 -0.241292 0.814358 -0.527825
T 0.063281 0.164062 0.601562 0.024219 0.179688 0.609375 0.024219 0.226562 0.640625 0.0553856 0.553849 -0.830773
T 0.063281 0.164062 0.601562 0.024219 0.226562 0.640625 0.0984375 0.195312 0.628906 0.115467 0.577348 -0.808292
T 0.375781 0.226562 0.640625 0.375781 0.179688 0.609375 0.336719 0.164062 0.601562 -0.0553856 0.553849 -0.830773
T 0.375781 0.226562 0.640625 0.336719 0.164062 0.601562 0.301562 0.195312 0.628906 -0.115467 0.577348 -0.808292
T 0.024219 0.179688 0.609375 -0.01875 0.164062 0.617188 -0.05 0.195312 0.65625 -0.344837 0.578838 -0.738941
T 0.024219 0.179688 0.609375 -0.05 0.195312 0.65625 0.024219 0.226562 0.640625 -0.378343 0.513467 -0.7702
T 0.45 0.195312 0.65625 0.41875 0.164062 0.617188 0.375781 0.179688 0.609375 0.344838 0.578838 -0.738941
T 0.45 0.195312 0.65625 0.375781 0.179688 0.609375 0.375781 0.226562 0.640625 0.378343 0.513467 -0.7702
T 0.024219 0.226562 0.640625 -0.05 0.195312 0.65625 -0.0734375 0.21875 0.710938 -0.423135 0.752935 -0.50403
T 0.024219 0.226562 0.640625 -0.0734375 0.21875 0.710938 0.024219 0.257812 0.691406 -0.40693 0.777954 -0.478743
T 0.473437 0.21875 0.710938 0.45 0.195312 0.65625 0.375781 0.226562 0.640625 0.423135 0.752934 -0.50403
T 0.473437 0.21875 0.710938 0.375781 0.226562 0.640625 0.375781 0.257812 0.691406 0.40693 0.777954 -0.478743
T -0.05 0.195312 0.65625 -0.08125 0.121094 0.664062 -0.1125 0.121094 0.71875 -0.82852 0.299016 -0.47344
T -0.05 0.195312 0.65625 -0.1125 0.121094 0.71875 -0.0734375 0.21875 0.710938 -0.827165 0.292479 -0.479847
T 0.5125 0.121094 0.71875 0.48125 0.121094 0.664062 0.45 0.195312 0.65625 0.828519 0.299016 -0.47344
T 0.5125 0.121094 0.71875 0.45 0.195312 0.65625 0.473437 0.21875 0.710938 0.827165 0.292479 -0.479848
T -0.01875 0.164062 0.617188 -0.034375 0.121094 0.621094 -0.08125 0.121094 0.664062 -0.665185 0.175913 -0.725661
T -0.01875 0.164062 0.617188 -0.08125 0.121094 0.664062 -0.05 0.195312 0.65625 -0.674819 0.209653 -0.707577
T 0.48125 0.121094 0.664062 0.434375 0.121094 0.621094 0.41875 0.164062 0.617188 0.665185 0.175913 -0.725661
T 0.48125 0.121094 0.664062 0.41875 0.164062 0.617188 0.45 0.195312 0.65625 0.674818 0.209653 -0.707577
T -0.034375 0.121094 0.621094 -0.01875 0.164062 0.617188 -0.022656 0.167969 0.609375 -0.768354 0.329298 0.548812
T -0.034375 0.121094 0.621094 -0.022656 0.167969 0.609375 -0.038281 0.121094 0.613281 -0.848019 0.318001 0.423956
T 0.422656 0.167969 0.609375 0.41875 0.164062 0.617188 0.434375 0.121094 0.621094 0.768353 0.329298 0.548813
T 0.422656 0.167969 0.609375 0.434375 0.121094 0.621094 0.438281 0.121094 0.613281 0.848019 0.318001 0.423958
T -0.01875 0.164062 0.617188 0.024219 0.179688 0.609375 0.024219 0.1875 0.597656 -0.197729 0.815628 0.543741
T -0.01875 0.164062 0.617188 0.024219 0.1875 0.597656 -0.022656 0.167969 0.609375 -0.214285 0.826569 0.520447
T 0.375781 0.1875 0.597656 0.375781 0.179688 0.609375 0.41875 0.164062 0.617188 0.197729 0.815628 0.543741
T 0.375781 0.1875 0.597656 0.41875 0.164062 0.617188 0.422656 0.167969 0.609375 0.214285 0.826569 0.520447
T 0.024219 0.179688 0.609375 0.063281 0.164062 0.601562 0.0671875 0.167969 0.589844 0.408253 0.816479 0.408279
T 0.024219 0.179688 0.609375 0.0671875 0.167969 0.589844 0.024219 0.1875 0.597656 0.432036 0.750395 0.500253
T 0.332812 0.167969 0.589844 0.336719 0.164062 0.601562 0.375781 0.179688 0.609375 -0.408253 0.816479 0.408279
T 0.332812 0.167969 0.589844 0.375781 0.179688 0.609375 0.375781 0.1875 0.597656 -0.432036 0.750395 0.500253
T 0.063281 0.164062 0.601562 0.078906 0.121094 0.601562 0.086719 0.121094 0.589844 0.796376 0.289593 0.530963
T 0.063281 0.164062 0.601562 0.086719 0.121094 0.589844 0.0671875 0.167969 0.589844 0.846168 0.352574 0.399615
T 0.313281 0.121094 0.589844 0.321094 0.121094 0.601562 0.336719 0.164062 0.601562 -0.796376 0.289593 0.530963
T 0.313281 0.121094 0.589844 0.336719 0.164062 0.601562 0.332812 0.167969 0.589844 -0.846167 0.352574 0.399616
T 0.078906 0.121094 0.601562 0.063281 0.082031 0.601562 0.0671875 0.078125 0.589844 0.851938 -0.340771 0.397589
T 0.078906 0.121094 0.601562 0.0671875 0.078125 0.589844 0.086719 0.121094 0.589844 0.778231 -0.353744 0.518865
T 0.332812 0.078125 0.589844 0.336719 0.082031 0.601562 0.321094 0.121094 0.601562 -0.851938 -0.340771 0.39759
T 0.332812 0.078125 0.589844 0.321094 0.121094 0.601562 0.313281 0.121094 0.589844 -0.778232 -0.353744 0.518865
T 0.063281 0.082031 0.601562 0.024219 0.066406 0.609375 0.024219 0.058594 0.597656 0.405622 -0.760548 0.506989
T 0.063281 0.082031 0.601562 0.024219 0.058594 0.597656 0.0671875 0.078125 0.589844 0.438058 -0.798823 0.412294
T 0.375781 0.058594 0.597656 0.375781 0.066406 0.609375 0.336719 0.082031 0.601562 -0.405622 -0.760548 0.506989
T 0.375781 0.058594 0.597656 0.336719 0.082031 0.601562 0.332812 0.078125 0.589844 -0.438057 -0.798823 0.412295
T 0.024219 0.066406 0.609375 -0.01875 0.082031 0.617188 -0.022656 0.078125 0.609375 -0.207398 -0.829574 0.518452
T 0.024219 0.066406 0.609375 -0.022656 0.078125 0.609375 0.024219 0.058594 0.597656 -0.203663 -0.814633 0.543042
T 0.422656 0.078125 0.609375 0.41875 0.082031 0.617188 0.375781 0.066406 0.609375 0.207398 -0.829574 0.518453
T 0.422656 0.078125 0.609375 0.375781 0.066406 0.609375 0.375781 0.058594 0.597656 0.203663 -0.814633 0.543042
T -0.01875 0.082031 0.617188 -0.034375 0.121094 0.621094 -0.038281 0.121094 0.613281 -0.82976 -0.373385 0.414828
T -0.01875 0.082031 0.617188 -0.038281 0.121094 0.613281 -0.022656 0.078125 0.609375 -0.768369 -0.329292 0.548795
T 0.438281 0.121094 0.613281 0.434375 0.121094 0.621094 0.41875 0.082031 0.617188 0.82976 -0.373384 0.414829
T 0.438281 0.121094 0.613281 0.41875 0.082031 0.617188 0.422656 0.078125 0.609375 0.768368 -0.329292 0.548796
T 0.024219 0.121094 0.585938 -0.022656 0.078125 0.609375 -0.038281 0.121094 0.613281 -0.400036 -0.0623473 -0.914376
T 0.438281 0.121094 0.613281 0.422656 0.078125 0.609375 0.375781 0.121094 0.585938 0.400036 -0.0623473 -0.914376
T 0.024219 0.058594 0.597656 -0.022656 0.078125 0.609375 0.024219 0.121094 0.585938 -0.30694 -0.175389 -0.935429
T 0.375781 0.121094 0.585938 0.422656 0.078125 0.609375 0.375781 0.058594 0.597656 0.30694 -0.175389 -0.935429
T 0.024219 0.121094 0.585938 0.0671875 0.078125 0.589844 0.024219 0.058594 0.597656 -0.0945042 -0.18346 -0.978474
T 0.375781 0.058594 0.597656 0.332812 0.078125 0.589844 0.375781 0.121094 0.585938 0.0945041 -0.18346 -0.978474
T 0.024219 0.121094 0.585938 0.086719 0.121094 0.589844 0.0671875 0.078125 0.589844 0.062357 -0.0283443 -0.997651
T 0.332812 0.078125 0.589844 0.313281 0.121094 0.589844 0.375781 0.121094 0.585938 -0.062357 -0.0283443 -0.997651
T 0.024219 0.121094 0.585938 0.0671875 0.167969 0.589844 0.086719 0.121094 0.589844 0.062361 0.0259841 -0.997715
T 0.313281 0.121094 0.589844 0.332812 0.167969 0.589844 0.375781 0.121094 0.585938 -0.062361 0.0259841 -0.997715
T 0.024219 0.121094 0.585938 0.024219 0.1875 0.597656 0.0671875 0.167969 0.589844 -0.0995532 0.172919 -0.979892
T 0.332812 0.167969 0.589844 0.375781 0.1875 0.597656 0.375781 0.121094 0.585938 0.0995532 0.172919 -0.979892
T 0.024219 0.121094 0.585938 -0.022656 0.167969 0.609375 0.024219 0.1875 0.597656 -0.303574 0.165581 -0.93831
T 0.375781 0.1875 0.597656 0.422656 0.167969 0.609375 0.375781 0.121094 0.585938 0.303574 0.165581 -0.93831
T 0.024219 0.121094 0.585938 -0.038281 0.121094 0.613281 -0.022656 0.167969 0.609375 -0.40016 0.0571698 -0.91466
T 0.422656 0.167969 0.609375 0.438281 0.121094 0.613281 0.375781 0.121094 0.585938 0.40016 0.0571698 -0.91466
T 0.110156 -0.484375 0.722656 0.117969 -0.464844 0.683594 0.2 -0.472656 0.679688 -0.105858 -0.880771 -0.461559
T 0.110156 -0.484375 0.722656 0.2 -0.472656 0.679688 0.2 -0.492188 0.710938 -0.141432 -0.839471 -0.524676
T 0.2 -0.472656 0.679688 0.282031 -0.464844 0.683594 0.289844 -0.484375 0.722656 0.105858 -0.880771 -0.461559
T 0.2 -0.472656 0.679688 0.289844 -0.484375 0.722656 0.2 -0.492188 0.710938 0.141432 -0.839471 -0.524676
T 0.0359375 -0.472656 0.738281 0.0828125 -0.457031 0.683594 0.117969 -0.464844 0.683594 -0.196725 -0.885213 -0.421543
T 0.0359375 -0.472656 0.738281 0.117969 -0.464844 0.683594 0.110156 -0.484375 0.722656 -0.233575 -0.850195 -0.471816
T 0.282031 -0.464844 0.683594 0.317187 -0.457031 0.683594 0.364062 -0.472656 0.738281 0.196724 -0.885213 -0.421542
T 0.282031 -0.464844 0.683594 0.364062 -0.472656 0.738281 0.289844 -0.484375 0.722656 0.233575 -0.850195 -0.471816
T 0.016406 -0.445312 0.734375 0.0671875 -0.410156 0.667969 0.0828125 -0.457031 0.683594 -0.595876 -0.425628 -0.681009
T 0.016406 -0.445312 0.734375 0.0828125 -0.457031 0.683594 0.0359375 -0.472656 0.738281 -0.578789 -0.504906 -0.640369
T 0.317187 -0.457031 0.683594 0.332812 -0.410156 0.667969 0.383594 -0.445312 0.734375 0.595876 -0.425628 -0.681008
T 0.317187 -0.457031 0.683594 0.383594 -0.445312 0.734375 0.364062 -0.472656 0.738281 0.578789 -0.504906 -0.640369
T 0.024219 -0.347656 0.714844 0.075 -0.351562 0.65625 0.0671875 -0.410156 0.667969 -0.756339 -0.029857 -0.653498
T 0.024219 -0.347656 0.714844 0.0671875 -0.410156 0.667969 0.016406 -0.445312 0.734375 -0.776302 -0.0633247 -0.627173
T 0.332812 -0.410156 0.667969 0.325 -0.351562 0.65625 0.375781 -0.347656 0.714844 0.756339 -0.0298567 -0.653498
T 0.332812 -0.410156 0.667969 0.375781 -0.347656 0.714844 0.383594 -0.445312 0.734375 0.776302 -0.0633247 -0.627173
T 0.04375 -0.21875 0.714844 0.094531 -0.222656 0.644531 0.075 -0.351562 0.65625 -0.806933 0.0689318 -0.586607
T 0.04375 -0.21875 0.714844 0.075 -0.351562 0.65625 0.024219 -0.347656 0.714844 -0.747088 0.113194 -0.655017
T 0.325 -0.351562 0.65625 0.305469 -0.222656 0.644531 0.35625 -0.21875 0.714844 0.806933 0.0689317 -0.586607
T 0.325 -0.351562 0.65625 0.35625 -0.21875 0.714844 0.375781 -0.347656 0.714844 0.747088 0.113194 -0.655017
T 0.0984375 -0.09375 0.71875 -0.01875 -0.0703125 0.734375 0.00078097 -0.0234375 0.664062 -0.233373 -0.77791 -0.583432
T 0.0984375 -0.09375 0.71875 0.00078097 -0.0234375 0.664062 0.1375 -0.050781 0.59375 -0.374653 -0.83454 -0.403954
T 0.399219 -0.0234375 0.664062 0.41875 -0.0703125 0.734375 0.301562 -0.09375 0.71875 0.233373 -0.77791 -0.583432
T 0.399219 -0.0234375 0.664062 0.301562 -0.09375 0.71875 0.2625 -0.050781 0.59375 0.374653 -0.834539 -0.403954
T -0.01875 -0.0703125 0.734375 -0.116406 -0.019531 0.730469 -0.108594 0.027344 0.6875 -0.292809 -0.619136 -0.728652
T -0.01875 -0.0703125 0.734375 -0.108594 0.027344 0.6875 0.00078097 -0.0234375 0.664062 -0.442083 -0.684793 -0.579328
T 0.508594 0.027344 0.6875 0.516406 -0.019531 0.730469 0.41875 -0.0703125 0.734375 0.292809 -0.619136 -0.728652
T 0.508594 0.027344 0.6875 0.41875 -0.0703125 0.734375 0.399219 -0.0234375 0.664062 0.442083 -0.684793 -0.579328
T -0.116406 -0.019531 0.730469 -0.214063 0.074219 0.777344 -0.163281 0.101562 0.699219 -0.687191 -0.419139 -0.593373
T -0.116406 -0.019531 0.730469 -0.163281 0.101562 0.699219 -0.108594 0.027344 0.6875 -0.694738 -0.419675 -0.584133
T 0.563281 0.101562 0.699219 0.614062 0.074219 0.777344 0.516406 -0.019531 0.730469 0.687191 -0.419139 -0.593373









